21000.00000
20617.79297
20290.23438
19982.34766
19687.43555
19402.39258
19125.41211
18855.30273
18591.21680
18332.52734
18078.73633
17829.45312
17584.34961
17343.15430
17105.63477
16871.59375
16640.85352
16413.25977
16188.67871
15967.50879
15748.64062
15532.45215
15318.85156
15107.75586
14899.08691
14692.77441
14488.75098
14286.95605
14087.33203
13889.82422
13694.38379
13500.96289
13309.51660
13120.00293
12932.38184
12746.61719
12562.67090
12380.51074
12200.10449
12021.42090
11844.43066
11669.10645
11495.42090
11323.34863
11152.86523
10983.94727
10816.57324
10650.72070
10486.36816
10323.49805
10162.08887
10002.12402
9843.58594
9686.45605
9530.71973
9376.36035
9223.36328
9071.71387
8921.39746
8772.40039
8624.70996
8478.31445
8333.20020
8189.35596
8046.77051
7905.43262
7765.33203
7626.45850
7488.80225
7352.35400
7217.10352
7083.04346
6950.16406
6818.45801
6687.91650
6558.53271
6430.29932
6303.20850
6177.25439
6052.43018
5928.72900
5806.14600
5684.67432
5564.30957
5445.04541
5326.87744
5209.80127
5093.81152
4978.90479
4865.07666
4752.32324
4640.64111
4530.02734
4420.47852
4311.99219
4204.56494
4098.19580
3992.88159
3888.62109
3785.41284
3683.25562
3582.14819
3482.09033
3383.08154
3285.12183
3188.21167
3092.35156
2997.54248
2903.78589
2811.08374
2719.43799
2628.85132
2539.32715
2450.86890
2363.48047
2277.16699
2191.93359
2107.78589
2024.73096
1942.77588
1861.92896
1782.19922
1703.59668
1626.13232
1549.81848
1474.66846
1400.69714
1327.92102
1256.35828
1186.02869
1116.95471
1049.16101
982.67511
917.52777
853.75354
791.39136
730.48529
671.08551
613.24976
557.04480
502.54871
449.85394
399.07162
350.33783
303.82312
259.74796
218.40974
180.23450
145.89398
116.81226
96.81226
