20808.89648
20454.01367
20136.29102
19834.89062
19544.91406
19263.90234
18990.35742
18723.25977
18461.87109
18205.63086
17954.09375
17706.90039
17463.75195
17224.39453
16988.61523
16756.22266
16527.05664
16300.96973
16078.09375
15858.07422
15640.54590
15425.65137
15213.30371
15003.42188
14795.93066
14590.76270
14387.85352
14187.14355
13988.57812
13792.10449
13597.67285
13405.23926
13214.75977
13026.19238
12839.49902
12654.64355
12471.59082
12290.30762
12110.76270
11932.92578
11756.76855
11582.26367
11409.38477
11238.10742
11068.40625
10900.26074
10733.64648
10568.54395
10404.93262
10242.79297
10082.10645
9922.85547
9765.02148
9608.58789
9453.54004
9299.86230
9147.53809
8996.55566
8846.89844
8698.55566
8551.51270
8405.75684
8261.27734
8118.06299
7976.10156
7835.38232
7695.89551
7557.63037
7420.57812
7284.72852
7150.07324
7016.60352
6884.31104
6753.18701
6623.22461
6494.41602
6366.75391
6240.23145
6114.84229
5990.57959
5867.43750
5745.41016
5624.49170
5504.67725
5385.96143
5268.33936
5151.80615
5036.35840
4921.99072
4808.69971
4696.48242
4585.33447
4475.25293
4366.23535
4258.27832
4151.38037
4045.53857
3940.75122
3837.01709
3734.33423
3632.70190
3532.11938
3432.58594
3334.10181
3236.66675
3140.28149
3044.94702
2950.66406
2857.43481
2765.26074
2674.14478
2584.08936
2495.09814
2407.17480
2320.32373
2234.55029
2149.85962
2066.25854
1983.75342
1902.35242
1822.06409
1742.89795
1664.86450
1587.97534
1512.24341
1437.68286
1364.30908
1292.13965
1221.19348
1151.49170
1083.05786
1015.91803
950.10144
885.64069
822.57245
760.93829
700.78540
642.16766
585.14728
529.79675
476.20132
424.46277
374.70474
327.08047
281.78555
239.07886
199.32213
163.06424
131.35312
106.81226
